G (Tarumai)
(141.34861555401898, 42.65166110148067),
(141.34987229169732, 42.6537785298836),
(141.35122821294982, 42.65554348886985),
(141.35189637894038, 42.65843582760891),
(141.35363906801808, 42.660836028862896),
(141.3550900487876, 42.663094774957074),
(141.35712650820207, 42.66521330310857),
(141.35827925090626, 42.668670500206886),
(141.36051442114046, 42.67001356814798),
(141.36196746393856, 42.67184918597985),
(141.36282952934886, 42.6749533637872),
(141.36281956287743, 42.676998483721654),
(141.36388171379318, 42.679045115810396),
(141.36553174905387, 42.680457880317114),
(141.3678654155194, 42.681589521595626),
(141.37034556365754, 42.681181642161874),
(141.373276158118, 42.68167551073265),

F
(141.39783583228285, 42.651660001732104),
(141.3965619110331, 42.65306864218168),
(141.39567372659425, 42.655324089030145),
(141.3950758757779, 42.65800307654662),
(141.39380057984243, 42.6596938025044),
(141.39418356728194, 42.66110477991969),
(141.39290689666075, 42.663077591385665),
(141.39260419086688, 42.66519282029146),
(141.39045136430684, 42.666952830409144),
(141.38790764586446, 42.6689238547837),
(141.3862380213324, 42.67153080876884),
(141.38311019893078, 42.673359965577866),
(141.38065947797685, 42.67624790532265),
(141.37889341924202, 42.678643157708066),
(141.3762529229255, 42.68047300185995),
(141.3745881097934, 42.68209265656639),
(141.3772169212814, 42.68266053923421),
(141.3803378702544, 42.68224180996619),
(141.38209464986068, 42.68175063476112),
(141.3839423649268, 42.682599503188584),

E
(141.42200754977392, 42.65162357256072),
(141.42004965364794, 42.65338385761555),
(141.41779970554234, 42.655073208887615),
(141.41467944391215, 42.65535089540154),
(141.41223422170106, 42.65711049311351),
(141.40891009417973, 42.65922146049359),
(141.40646143525436, 42.661686271976066),
(141.40313284000445, 42.6647140172578),
(141.39961378204907, 42.66682470970074),
(141.39803956070543, 42.66985492941676),
(141.3965638355931, 42.6726737224702),
(141.3925567642098, 42.67492477032438),
(141.38835476239245, 42.677175543241425),
(141.38600597438412, 42.679146842553116),
(141.38423544792073, 42.68245887284019),
(141.38627981177802, 42.68295540931954),
(141.38967975321643, 42.68528742616219),
(141.38841992249522, 42.68380469015271),

D
(141.3898664355362, 42.68698021414854),
(141.38967975321643, 42.68528742616219),
(141.39446276595015, 42.68381321320413),
(141.39807447772253, 42.682689957508465),
(141.40188627500038, 42.68050915609419),
(141.40531371015302, 42.67719946277282),
(141.40932009419348, 42.67508945767274),
(141.41546933832254, 42.67326456238942),
(141.4221004097938, 42.67256869648177),
(141.42648840658805, 42.67215175430517),
(141.4292239624216, 42.67081569726121),

C
(141.4295849548897, 42.67674004280771),
(141.4268487117133, 42.67821714260577),
(141.4243046495995, 42.68025868835737),
(141.42284232767284, 42.68032714770585),
(141.4213738196605, 42.68166499184124),
(141.4169899469234, 42.681235677493234),
(141.41425714046127, 42.68200756352079),
(141.41064886540315, 42.68242560544595),
(141.40869131294858, 42.68411536912373),
(141.4053726841701, 42.685097994471015),
(141.40205371172016, 42.686151141195346),
(141.39882979878726, 42.6876980750276),
(141.39658500575305, 42.68832960564391),
(141.39414768798483, 42.68846721168373),
(141.391518189154, 42.68804037177),

B
(141.39071577135678, 42.688696503761825),
(141.3912633141748, 42.69154071750346),
(141.39293613072712, 42.693878760968275),
(141.3948921215387, 42.695709446427806),
(141.39881004180418, 42.69815220795146),
(141.40202076875175, 42.70171103831387),
(141.40551071086372, 42.705574916934616),
(141.40956848615485, 42.70811942719595),
(141.41686074296265, 42.709348330238),
(141.41994200750852, 42.71067284542072),
(141.4235906103467, 42.71077954302697),
(141.42907217512396, 42.7091624507347),

A
(141.39489162665186, 42.695810997210764),
(141.39460350352402, 42.69733386304556),
(141.39655652501446, 42.69977385320281),
(141.39864544243574, 42.703127998361374),
(141.40017444486756, 42.706176699352106),
(141.40310942085867, 42.70871962597551),
(141.40491417424693, 42.71278423070525),
(141.40953532873547, 42.71492332965376),
(141.4149931389436, 42.71818067494319),
(141.41666348106165, 42.72102647232276),
(141.41623203870014, 42.723158444900534),
